0 0.145751953125 0.36446886446886445 0.00146484375 0.006593406593406593
0 0.14599609375 0.35201465201465204 0.0009765625 0.006593406593406593
0 0.11181640625 0.3029304029304029 0.0849609375 0.22783882783882783
0 0.51708984375 0.5087912087912088 0.0419921875 0.0652014652014652
0 0.662841796875 0.5168498168498169 0.00048828125 0.0007326007326007326
0 0.660400390625 0.5197802197802198 0.01416015625 0.027106227106227107
0 0.667236328125 0.495970695970696 0.03369140625 0.08644688644688645
0 0.677734375 0.4835164835164835 0.0234375 0.07912087912087912
0 0.1142578125 0.48095238095238096 0.0322265625 0.05347985347985348
0 0.071533203125 0.4838827838827839 0.09130859375 0.12967032967032968
0 0.05908203125 0.5816849816849817 0.0498046875 0.07032967032967033
0 0.01953125 0.621978021978022 0.0390625 0.1347985347985348
0 0.163330078125 0.5604395604395604 0.00146484375 0.0014652014652014652
0 0.17236328125 0.6069597069597069 0.041015625 0.0945054945054945
0 0.154052734375 0.45677655677655676 0.00048828125 0.003663003663003663
0 0.141845703125 0.4593406593406593 0.00732421875 0.010256410256410256
0 0.153076171875 0.4472527472527473 0.00048828125 0.0007326007326007326
0 0.15478515625 0.44761904761904764 0.001953125 0.0029304029304029304
0 0.141845703125 0.44981684981684983 0.00732421875 0.007326007326007326
0 0.157958984375 0.44652014652014654 0.00146484375 0.002197802197802198
0 0.15185546875 0.44981684981684983 0.00390625 0.008791208791208791
0 0.145263671875 0.44505494505494503 0.00048828125 0.0007326007326007326
0 0.152099609375 0.4443223443223443 0.00048828125 0.0007326007326007326
0 0.16650390625 0.44285714285714284 0.0048828125 0.005128205128205128
0 0.168701171875 0.4318681318681319 0.00048828125 0.003663003663003663
0 0.1591796875 0.3974358974358974 0.03515625 0.047619047619047616
0 0.171630859375 0.3505494505494505 0.05029296875 0.046153846153846156
0 0.20751953125 0.29194139194139196 0.0830078125 0.07252747252747253
0 0.407470703125 0.580952380952381 0.06689453125 0.1509157509157509
0 0.18408203125 0.48644688644688644 0.0859375 0.1391941391941392
0 0.154296875 0.44065934065934065 0.037109375 0.047619047619047616
0 0.203857421875 0.39706959706959705 0.03564453125 0.03956043956043956
0 0.25390625 0.6043956043956044 0.0087890625 0.03223443223443224
0 0.23046875 0.5897435897435898 0.0234375 0.04981684981684982
0 0.31591796875 0.4014652014652015 0.05859375 0.1010989010989011
0 0.380126953125 0.4641025641025641 0.00048828125 0.0007326007326007326
0 0.382568359375 0.4084249084249084 0.00048828125 0.002197802197802198
0 0.343994140625 0.38424908424908427 0.00048828125 0.0007326007326007326
0 0.363037109375 0.43663003663003663 0.03955078125 0.13626373626373625
0 0.30078125 0.5351648351648352 0.080078125 0.1413919413919414
0 0.914306640625 0.4611721611721612 0.00048828125 0.0007326007326007326
0 0.912353515625 0.4611721611721612 0.00146484375 0.0007326007326007326
0 0.90869140625 0.5234432234432235 0.0419921875 0.12527472527472527
0 0.847412109375 0.5065934065934066 0.00048828125 0.0007326007326007326
0 0.840087890625 0.4956043956043956 0.00244140625 0.003663003663003663
0 0.841552734375 0.4926739926739927 0.00048828125 0.0007326007326007326
0 0.844482421875 0.4868131868131868 0.00048828125 0.0007326007326007326
0 0.84423828125 0.4827838827838828 0.0009765625 0.0014652014652014652
0 0.840576171875 0.47509157509157507 0.00732421875 0.012454212454212455
0 0.861572265625 0.4509157509157509 0.04248046875 0.11941391941391942
0 0.844970703125 0.5047619047619047 0.00146484375 0.0014652014652014652
0 0.849853515625 0.5604395604395604 0.04443359375 0.11721611721611722
0 0.84375 0.5025641025641026 0.001953125 0.0014652014652014652
0 0.822509765625 0.5791208791208792 0.04248046875 0.07692307692307693
0 0.830078125 0.5029304029304029 0.0322265625 0.06373626373626373
0 0.392822265625 0.3956043956043956 0.05322265625 0.1728937728937729
0 0.00927734375 0.3457875457875458 0.0185546875 0.12454212454212454
